917563885
3462986489
2364883475
1803383958
1979902334
2958996883
1625340944
318017874
1502742330
444211879
295975875
123429514
1051540544
1291170572
838358694
375011327
2294009157
1586806847
3206994014
191815464
719006594
767674189
1103121767
1978945847
3224559645
2796210342
523277825
2364007207
2705565291
704914416
767375568
2430231446
2419080588
476291032
1021460934
1572972320
39509846
1774791441
374285033
3416321370
1542944496
314636353
1533108262
1041837282
1443624014
1097063669
2368511742
1561605642
1207172852
1822486745
335408932
401847817
2227034094
2822066537
2212840232
2574293909
1428718006
2499086385
393329509
609154723
2915315056
1302313
605840074
1123054234
631133084
1604442378
1529775117
1971726673
2665070348
2206433520
2844635415
1733716916
375003790
165416899
2642521559
935030862
1371544745
1021252578
245132108
491309896
54506587
1662702194
2444934486
1396605562
1043116969
519563310
841633763
1794923674
842967545
1274885899
609283094
314538486
2583277308
1051681003
1334682548
371391776
2933283308
37534067
2953770285
2227829660
1990855173
1505188389
2675133270
3209453588
2438909983
307965133
1693232550
814860572
447995174
3377393660
2639154749
2845889868
2465236981
491699029
3287105272
602877028
2738992179
1766816637
2403008439
120825945
1916499089
80966177
1054879816
290862001
554913968
1599865975
2231447967
1163385944
2373828991
