共找到 3 处匹配：(276582434) 
1377100103
303355077
707648449
共找到 36 处匹配：(671777951) 
1838150576
1667844550
2521810111
814142025
3187901153
2539838293
2653811077
3130521097
1026883790
1345129649
3204119914
2332884523
1525957515
2580285558
760526419
526140163
1905215969
517785556
123393321
441230364
1518044793
1846637520
1564792056
2264011498
1309420555
724519923
1316615798
158177707
1507564708
1446754493
1228969430
1684084947
1831691591
1770208823
248587034
745969185
共找到 2 处匹配：(821871075) 
2315921331
1281333576
共找到 114 处匹配：  (929711318) 
1878640082
984211600
1327317452
1004773708
425430298
3308786340
1305417807
136306077
78133750
2732236565
1580568788
203802456
847726410
2747131634
792434123
2385908188
1351995904
2663149635
1534700709
1962168155
3325906201
1353497020
919141656
444718065
2510331684
3439823912
941353914
577603561
1403980204
850879463
2063782527
1308051157
1330886323
1651404280
1837166560
1909176147
2491248735
2979023378
16952589
487414429
1277117608
1713875498
2950084024
1029821136
392949169
954701918
1417227383
648310169
909928163
2436901773
3156558236
1561598965
3058589599
1814212288
1502994169
2399616848
895146465
2332270258
3411683307
1667794033
2870982152
790855490
717824608
1942573818
1612346661
2168759733
297279369
2419137241
1796245625
1447648285
1374205368
1791087764
1515290967
2310502270
1392707048
2811072412
825652904
2417407193
1109620204
1037509507
2975927649
1330326873
3217462406
339234834
2423341822
1628141023
1026007883
597520687
2667210918
277550186
287317334
2657576884
731647103
31513339
2633534215
2505911353
1297516094
1141676223
2302897563
97101324
984689474
1540309253
763713977
3236500183
470633243
2698092436
743335655
2290741673
2646229585
2861160401
3269800185
3284211578
910151134
775869326
